#      x          Cp  
     1.00000    0.41609
     0.99168    0.23044
     0.98037    0.17395
     0.96727    0.12571
     0.95272    0.08731
     0.93720    0.05438
     0.92112    0.02559
     0.90474   -0.00009
     0.88821   -0.02341
     0.87160   -0.04491
     0.85494   -0.06499
     0.83827   -0.08398
     0.82158   -0.10209
     0.80488   -0.11953
     0.78817   -0.13642
     0.77146   -0.15291
     0.75475   -0.16907
     0.73803   -0.18502
     0.72132   -0.20080
     0.70460   -0.21650
     0.68789   -0.23216
     0.67118   -0.24784
     0.65447   -0.26358
     0.63777   -0.27943
     0.62108   -0.29542
     0.60440   -0.31159
     0.58772   -0.32798
     0.57106   -0.34461
     0.55441   -0.36152
     0.53778   -0.37874
     0.52116   -0.39629
     0.50456   -0.41422
     0.48798   -0.43254
     0.47143   -0.45130
     0.45489   -0.47051
     0.43839   -0.49021
     0.42191   -0.51044
     0.40546   -0.53124
     0.38905   -0.55263
     0.37268   -0.57467
     0.35635   -0.59740
     0.34007   -0.62087
     0.32383   -0.64515
     0.30766   -0.67030
     0.29154   -0.69640
     0.27550   -0.72354
     0.25953   -0.75183
     0.24366   -0.78140
     0.22788   -0.81239
     0.21222   -0.84500
     0.19670   -0.87944
     0.18135   -0.91597
     0.16619   -0.95491
     0.15127   -0.99661
     0.13666   -1.04149
     0.12246   -1.08997
     0.10877   -1.14243
     0.09575   -1.19913
     0.08358   -1.26008
     0.07242   -1.32491
     0.06239   -1.39296
     0.05354   -1.46331
     0.04581   -1.53507
     0.03910   -1.60736
     0.03329   -1.67950
     0.02826   -1.75066
     0.02387   -1.81993
     0.02003   -1.88606
     0.01666   -1.94714
     0.01369   -2.00037
     0.01108   -2.04166
     0.00879   -2.06516
     0.00678   -2.06277
     0.00505   -2.02381
     0.00358   -1.93552
     0.00236   -1.78493
     0.00140   -1.56312
     0.00070   -1.27167
     0.00024   -0.92715
     0.00003   -0.56145
     0.00003   -0.21087
     0.00024    0.12140
     0.00070    0.41771
     0.00140    0.65564
     0.00236    0.82641
     0.00358    0.93318
     0.00505    0.98670
     0.00678    0.99985
     0.00879    0.98437
     0.01108    0.94958
     0.01369    0.90229
     0.01666    0.84726
     0.02003    0.78773
     0.02387    0.72582
     0.02826    0.66296
     0.03329    0.60011
     0.03910    0.53800
     0.04581    0.47726
     0.05354    0.41856
     0.06239    0.36267
     0.07242    0.31041
     0.08358    0.26255
     0.09575    0.21959
     0.10877    0.18169
     0.12246    0.14868
     0.13666    0.12018
     0.15127    0.09570
     0.16619    0.07474
     0.18135    0.05683
     0.19670    0.04156
     0.21222    0.02857
     0.22788    0.01757
     0.24366    0.00828
     0.25953    0.00049
     0.27550   -0.00599
     0.29154   -0.01131
     0.30766   -0.01562
     0.32383   -0.01904
     0.34007   -0.02167
     0.35635   -0.02360
     0.37268   -0.02491
     0.38905   -0.02567
     0.40546   -0.02594
     0.42191   -0.02578
     0.43839   -0.02523
     0.45489   -0.02433
     0.47143   -0.02312
     0.48798   -0.02163
     0.50456   -0.01989
     0.52116   -0.01791
     0.53778   -0.01572
     0.55441   -0.01334
     0.57106   -0.01077
     0.58772   -0.00802
     0.60440   -0.00510
     0.62108   -0.00201
     0.63777    0.00125
     0.65447    0.00468
     0.67118    0.00830
     0.68789    0.01211
     0.70460    0.01613
     0.72132    0.02039
     0.73803    0.02492
     0.75475    0.02974
     0.77146    0.03490
     0.78817    0.04046
     0.80488    0.04649
     0.82158    0.05306
     0.83827    0.06029
     0.85494    0.06831
     0.87160    0.07731
     0.88821    0.08755
     0.90474    0.09935
     0.92112    0.11321
     0.93720    0.12979
     0.95272    0.15011
     0.96727    0.17560
     0.98037    0.21015
     0.99168    0.25402
     1.00000    0.41609
